209,3
209,2
209,1
209,0
208,3
208,2
208,1
208,0
207,3
207,2
207,1
207,0
206,4
206,3
206,2
206,1
206,0
205,4
205,3
205,2
205,1
205,0
204,6
204,5
204,4
204,3
204,2
204,1
204,0
203,6
203,5
203,4
203,3
203,2
203,1
203,0
202,6
202,5
202,4
202,3
202,2
202,1
202,0
201,4
201,3
201,2
201,1
201,0
200,3
200,2
200,1
200,0
199,3
199,2
199,1
199,0
198,4
198,3
198,2
198,1
198,0
197,4
197,3
197,2
197,1
197,0
196,4
196,3
196,2
196,1
196,0
195,4
195,3
195,2
195,1
195,0
194,4
194,3
194,2
194,1
194,0
193,4
193,3
193,2
193,1
193,0
192,4
192,3
192,2
192,1
192,0
191,3
191,2
191,1
191,0
190,4
190,3
190,2
190,1
190,0
189,3
189,2
189,1
189,0
188,3
188,2
188,1
188,0
187,5
187,4
187,3
187,2
187,1
187,0
186,3
186,2
186,1
186,0
185,4
185,3
185,2
185,1
185,0
184,3
184,2
184,1
184,0
0,310
0,305
0,308
0,307
0,302
0,304
0,303
0,12
0,10
0,8
0,0
0,415
0,414
0,300
0,413
0,412
0,299
0,532
0,493
0,298
0,526
0,411
0,297
0,525
0,410
0,296
0,524
0,409
0,295
0,543
0,492
0,294
0,523
0,407
0,293
0,491
0,406
0,292
0,558
0,405
0,291
0,522
0,404
0,290
0,564
0,521
0,289
0,557
0,490
0,288
0,489
0,403
0,287
0,402
0,286
0,519
0,401
0,285
0,488
0,399
0,284
0,487
0,398
0,283
0,486
0,400
0,282
0,556
0,566
0,281
0,562
0,396
0,280
0,395
0,394
0,279
0,393
0,392
0,278
0,391
0,390
0,277
0,389
0,388
0,276
0,555
0,518
0,275
0,569
0,387
0,274
0,484
0,386
0,273
0,483
0,385
0,272
0,482
0,481
0,271
0,517
0,384
0,270
0,563
0,383
0,269
0,561
0,382
0,268
0,480
0,381
0,267
0,554
0,266
0,553
0,516
0,265
0,531
0,380
0,264
0,477
0,379
0,263
0,397
0,378
0,262
0,475
0,474
0,261
0,515
0,377
0,260
0,560
0,376
0,259
0,473
0,375
0,258
0,514
0,374
0,257
0,547
0,472
0,256
0,546
0,471
0,255
0,513
0,373
0,254
0,470
0,372
0,253
0,469
0,371
0,252
0,545
0,468
0,251
0,467
0,370
0,250
0,466
0,369
0,249
0,512
0,368
0,248
0,542
0,367
0,247
0,544
0,511
0,246
0,552
0,465
0,245
0,464
0,366
0,244
0,510
0,365
0,242
0,463
0,364
0,241
0,575
0,363
0,330
0,408
1,1
0,444
0,457
0,460
0,476
0,478
0,485
0,497
0,505
3,0
3,1
158,0
158,1
158,3
160,1
160,2
161,0
161,1
161,3
161,5
162,0
162,2
162,3
163,1
163,2
164,0
164,2
164,3
165,0
165,1
165,3
166,1
166,2
166,4
167,0
167,2
167,4
168,0
168,2
168,3
170,0
170,1
170,3
172,0
172,1
172,3
172,4
175,1
175,3
175,4
178,1
178,2
178,4
178,5
180,0
180,2
180,3
181,0
181,1
181,3
182,1
182,2
183,0
183,1
183,3
183,2
182,3
182,0
181,2
180,4
180,1
178,6
178,3
178,0
175,2
175,0
172,2
170,4
170,2
168,4
168,1
167,3
167,1
166,3
166,0
165,2
164,4
164,1
163,3
163,0
162,1
161,4
161,2
160,3
160,0
158,2
3,3
0,520
0,494
0,479
0,462
0,447
0,421
1,3
1,0
0,322
2,1
0,318
2,3
0,243
2,0
0,9
0,240
0,551
0,461
0,239
0,419
0,362
0,238
0,459
0,361
0,237
0,550
0,360
0,236
0,509
0,359
0,235
0,533
0,508
0,234
0,507
0,458
0,233
0,574
0,358
0,232
0,456
0,357
0,231
0,506
0,356
0,230
0,573
0,355
0,229
0,504
0,354
0,228
0,503
0,353
0,227
0,502
0,455
0,226
0,454
0,352
0,225
0,453
0,351
0,224
0,549
0,350
0,223
0,501
0,349
0,222
0,500
0,452
0,221
0,548
0,451
0,220
0,450
0,348
0,219
0,499
0,347
0,218
0,541
0,346
0,217
0,498
0,345
0,216
0,449
0,344
0,215
0,540
0,343
0,214
0,539
0,342
0,213
0,341
0,212
0,538
0,340
0,211
0,537
0,339
0,210
0,571
0,338
0,209
0,446
0,337
0,208
0,448
0,336
0,207
0,445
0,527
0,206
0,443
0,335
0,205
0,442
0,334
0,204
0,441
0,333
0,203
0,440
0,332
0,202
0,439
0,438
0,201
0,559
0,536
0,200
0,535
0,331
0,199
0,437
0,529
0,198
0,436
0,329
0,197
0,534
0,328
0,196
0,496
0,434
0,195
0,565
0,433
0,194
0,435
0,327
0,193
0,432
0,326
0,192
0,431
0,325
0,63
0,430
0,324
0,62
0,429
0,323
0,61
0,428
0,321
0,60
0,427
0,426
0,59
0,568
0,320
0,58
0,425
0,319
0,57
0,424
0,56
0,572
0,317
0,55
0,416
0,495
0,54
0,530
0,423
0,53
0,316
0,52
0,528
0,315
0,51
0,570
0,314
0,50
0,420
0,313
0,49
0,422
0,312
0,48
0,567
0,311
0,47
0,418
0,309
0,46
0,417
0,306
0,45
0,301
0,6
0,5
0,1
0,11
0,4
0,2
0,3
0,7
